$ANSIBLE_VAULT;1.1;AES256
63376533653666373837376634366636393531663130316433396264626334303930343266376363
3738333033616535333437393731303461633465316230640a383634353035343961623662313565
37373062323837626331346633393565663933303435363762383536303565623033373261353464
3034636534636265620a353032643235303861633231323230653131626536323137343062616631
32373834613236343132313865663163346265666161313461333736396434646663663830356361
63363535356233363630396632626431336130306565306139323662346664616261333865666535
35376431646661333531353837633761373134323739323238313562653730306133306462333666
35333039323465313261323131393730393730353463333265373434366633393530326665343539
35623231343536326464386533626331666232323930666536626139633665623831653636326333
34343065656130383938316663383836353865336562316265333939633935323934313230333262
36663262626463333764663766643636646461326365366462663136303535303232333266666131
37353463643739653834396533343863323935356264333665643337333861366131643637373730
66356365356266373365373935313331323466646263613764356564663865373430316338353362
66356431333534313632633836376536663861623931373339323234646638303634643365336539
31396366646565356233656332323661383530356330326331303163353233646265613965313764
37326339366338633134663830386531326633636632386564353539613863623738613034643662
32376530373933386563373739303263373837303035396662343964383832366432316431626661
64303533663265333637353032356530623030393932643866343265643462306464653330613637
35353438323430633738353036383730656264626164373535333938623665633361646561356532
33376661616538303566346236616435646234666230323965623739646131386537663138303332
36383662636566623833316461613635633963383130323038373331663733663533356232333238
66636633326631616633343337333833333238303366306165633561326362353931643833633737
63353766646662373465353635656338623935396637353634323038653466643164313562636530
62343537373337346334653362646465616134363133663436336364363961386665326663353238
34336537353936343534623838643563356663346635653338393035376164333661376237663161
63643831373839303735646561636364336165376661663665376230333230666334386362303032
61343863383766636133663864643035643237306365333166616465386464313738646661303964
63333163626632333233313630326163323935343262383563326566343735343733303063643166
64373232633736316633396432626165343737313631316437353364343361326433633538663937
38666335323434383738396630333064666538303065663832346534393635623866613762313231
66386338343834326264373335623634663265393364363861363330313661336539343135366161
65616164323564363937393865616533363136303163623062643231356339653430366539656437
33383439343739353037633133613463653238326464663764316532303763633566353766666637
66333862666531313538656439326439353431643538336637636238356231643762626363663465
65313737313839656663363633333363303862616531646133636362653739633961663931323835
63663937313664626132333361353638316636323463383563383130373236393761326464646537
39393233656432306565666330306365373137353161373063306433666630333235
