$ANSIBLE_VAULT;1.1;AES256
64616334646161303439333166313239383063383938383435613638363766366637316337343263
6363306634303039383562373536386637383163303934620a363934653464353138316430643939
33376632666538393332336262396365303036613535396439363834353931363738376336643036
6337336263623465370a376130656264346631663339323137306466616364646538393331346638
66383839646665343733356439383233363038323238336362623338326637366433303665643961
32323239653731373364623261653466613865613162343264383632666232323263633239316163
61373538306134336531306632623435653632343538386162633433643233363035306239376265
36623238383861653632383263643333373831613639663435303731376431613466613437663664
35666435373830303664346530633162373339643437656339636665653461366234633136333765
38306364326237343339303933633166663531303736316336333566666664666532656533646364
63656537636236303638373066646239323731636636363062376161623933393430383337623535
39616635313734363435376231343163326538323039623635326330653138386461333232363237
30663930383439386262313430353030666433656564636134646434383733656339336139633166
36383337343666393733313233316165393930316535633462663932363965636435303333313965
66623630376636626632336461313731313834353539366261346565393931363131393663396639
37333661633131363432613965363935316366396630366366363233616462396439623434643061
66616636316466666334393735333333313631613934346364623539393832353339613434663666
63363139386338613939356561303238643964356430346639643932653534313531313937613830
39623966396437376562626463653664303739393663653032363536336563383036616634626365
34366136353932306437323765643732313234366634653861653136623936366561633139356533
39383634393034653739353335326263636464373133333739333334663336656538353839623737
66373137616130613731313537313262663436353032393933326433663336363034316265383263
30623939383034626430653130373138326634333036333761663166626238366564653262353037
31353432646566613836613831393631616330646330663030346366623062363434643764663963
32613062306532363764343261326438326239366137363635393733323130383763323462623964
33393637303565313630376464623534616461326538623463656666333039636637643137326635
37623039653362623564623464303832393261636636656339303833353438363838633338346239
35393638393330653835363238646436656635343237313936373131316330626565633238353162
35343430363262323039623562313861666238303836666461616230613733633335666366323566
63633633613863633536353365613538663037643232396432303563353264343133616461393639
61356565633036343964616133666638613430636330613261376239346266646330643431343939
64613432363764353533
